{
 "cells": [
  {
   "cell_type": "code",
   "execution_count": 33,
   "metadata": {},
   "outputs": [],
   "source": [
    "# Importing Necessary libraries\n",
    "import pandas as pd\n",
    "import numpy as np\n",
    "import matplotlib.pyplot as plt\n",
    "import cvxpy as cp"
   ]
  },
  {
   "cell_type": "code",
   "execution_count": 34,
   "metadata": {},
   "outputs": [
    {
     "data": {
      "text/html": [
       "<div>\n",
       "<style scoped>\n",
       "    .dataframe tbody tr th:only-of-type {\n",
       "        vertical-align: middle;\n",
       "    }\n",
       "\n",
       "    .dataframe tbody tr th {\n",
       "        vertical-align: top;\n",
       "    }\n",
       "\n",
       "    .dataframe thead th {\n",
       "        text-align: right;\n",
       "    }\n",
       "</style>\n",
       "<table border=\"1\" class=\"dataframe\">\n",
       "  <thead>\n",
       "    <tr style=\"text-align: right;\">\n",
       "      <th></th>\n",
       "      <th>Unnamed: 0</th>\n",
       "      <th>Unnamed: 1</th>\n",
       "      <th>Unnamed: 2</th>\n",
       "      <th>Unnamed: 3</th>\n",
       "      <th>Unnamed: 4</th>\n",
       "      <th>Unnamed: 5</th>\n",
       "      <th>Unnamed: 6</th>\n",
       "      <th>Unnamed: 7</th>\n",
       "      <th>Unnamed: 8</th>\n",
       "      <th>Unnamed: 9</th>\n",
       "      <th>Unnamed: 10</th>\n",
       "      <th>Unnamed: 11</th>\n",
       "      <th>Unnamed: 12</th>\n",
       "      <th>Unnamed: 13</th>\n",
       "    </tr>\n",
       "  </thead>\n",
       "  <tbody>\n",
       "    <tr>\n",
       "      <th>0</th>\n",
       "      <td>NaN</td>\n",
       "      <td>NaN</td>\n",
       "      <td>NaN</td>\n",
       "      <td>NaN</td>\n",
       "      <td>NaN</td>\n",
       "      <td>NaN</td>\n",
       "      <td>1</td>\n",
       "      <td>2</td>\n",
       "      <td>3</td>\n",
       "      <td>4</td>\n",
       "      <td>5</td>\n",
       "      <td>6</td>\n",
       "      <td>7</td>\n",
       "      <td>8</td>\n",
       "    </tr>\n",
       "    <tr>\n",
       "      <th>1</th>\n",
       "      <td>NaN</td>\n",
       "      <td>NaN</td>\n",
       "      <td>NaN</td>\n",
       "      <td>NaN</td>\n",
       "      <td>NaN</td>\n",
       "      <td>NaN</td>\n",
       "      <td>US Bond</td>\n",
       "      <td>Intl Bond</td>\n",
       "      <td>Lg Gr</td>\n",
       "      <td>Lg Val</td>\n",
       "      <td>Sm Gr</td>\n",
       "      <td>Sm Val</td>\n",
       "      <td>Dev</td>\n",
       "      <td>Emerg</td>\n",
       "    </tr>\n",
       "    <tr>\n",
       "      <th>2</th>\n",
       "      <td>NaN</td>\n",
       "      <td>NaN</td>\n",
       "      <td>NaN</td>\n",
       "      <td>NaN</td>\n",
       "      <td>NaN</td>\n",
       "      <td>NaN</td>\n",
       "      <td>NaN</td>\n",
       "      <td>NaN</td>\n",
       "      <td>NaN</td>\n",
       "      <td>NaN</td>\n",
       "      <td>NaN</td>\n",
       "      <td>NaN</td>\n",
       "      <td>NaN</td>\n",
       "      <td>NaN</td>\n",
       "    </tr>\n",
       "    <tr>\n",
       "      <th>3</th>\n",
       "      <td>NaN</td>\n",
       "      <td>NaN</td>\n",
       "      <td>NaN</td>\n",
       "      <td>NaN</td>\n",
       "      <td>w = 8 x 1</td>\n",
       "      <td>NaN</td>\n",
       "      <td>Sigma = 8 x 8</td>\n",
       "      <td>NaN</td>\n",
       "      <td>NaN</td>\n",
       "      <td>NaN</td>\n",
       "      <td>NaN</td>\n",
       "      <td>NaN</td>\n",
       "      <td>NaN</td>\n",
       "      <td>NaN</td>\n",
       "    </tr>\n",
       "    <tr>\n",
       "      <th>4</th>\n",
       "      <td>NaN</td>\n",
       "      <td>1.0</td>\n",
       "      <td>US Bonds</td>\n",
       "      <td>NaN</td>\n",
       "      <td>0.1934</td>\n",
       "      <td>NaN</td>\n",
       "      <td>0.001005</td>\n",
       "      <td>0.001328</td>\n",
       "      <td>-0.000579</td>\n",
       "      <td>-0.000675</td>\n",
       "      <td>0.000121</td>\n",
       "      <td>0.000128</td>\n",
       "      <td>-0.000445</td>\n",
       "      <td>-0.000437</td>\n",
       "    </tr>\n",
       "    <tr>\n",
       "      <th>5</th>\n",
       "      <td>NaN</td>\n",
       "      <td>2.0</td>\n",
       "      <td>Int'l Bonds</td>\n",
       "      <td>NaN</td>\n",
       "      <td>0.2613</td>\n",
       "      <td>NaN</td>\n",
       "      <td>0.001328</td>\n",
       "      <td>0.007277</td>\n",
       "      <td>-0.001307</td>\n",
       "      <td>-0.00061</td>\n",
       "      <td>-0.002237</td>\n",
       "      <td>-0.000989</td>\n",
       "      <td>0.001442</td>\n",
       "      <td>-0.001535</td>\n",
       "    </tr>\n",
       "    <tr>\n",
       "      <th>6</th>\n",
       "      <td>NaN</td>\n",
       "      <td>3.0</td>\n",
       "      <td>US Large Growth</td>\n",
       "      <td>NaN</td>\n",
       "      <td>0.1209</td>\n",
       "      <td>NaN</td>\n",
       "      <td>-0.000579</td>\n",
       "      <td>-0.001307</td>\n",
       "      <td>0.059852</td>\n",
       "      <td>0.027588</td>\n",
       "      <td>0.063497</td>\n",
       "      <td>0.023036</td>\n",
       "      <td>0.032967</td>\n",
       "      <td>0.048039</td>\n",
       "    </tr>\n",
       "    <tr>\n",
       "      <th>7</th>\n",
       "      <td>NaN</td>\n",
       "      <td>4.0</td>\n",
       "      <td>US Large Value</td>\n",
       "      <td>NaN</td>\n",
       "      <td>0.1209</td>\n",
       "      <td>NaN</td>\n",
       "      <td>-0.000675</td>\n",
       "      <td>-0.00061</td>\n",
       "      <td>0.027588</td>\n",
       "      <td>0.029609</td>\n",
       "      <td>0.026572</td>\n",
       "      <td>0.021465</td>\n",
       "      <td>0.020697</td>\n",
       "      <td>0.029854</td>\n",
       "    </tr>\n",
       "    <tr>\n",
       "      <th>8</th>\n",
       "      <td>NaN</td>\n",
       "      <td>5.0</td>\n",
       "      <td>US Small Growth</td>\n",
       "      <td>NaN</td>\n",
       "      <td>0.0134</td>\n",
       "      <td>NaN</td>\n",
       "      <td>0.000121</td>\n",
       "      <td>-0.002237</td>\n",
       "      <td>0.063497</td>\n",
       "      <td>0.026572</td>\n",
       "      <td>0.102488</td>\n",
       "      <td>0.042744</td>\n",
       "      <td>0.039943</td>\n",
       "      <td>0.065994</td>\n",
       "    </tr>\n",
       "    <tr>\n",
       "      <th>9</th>\n",
       "      <td>NaN</td>\n",
       "      <td>6.0</td>\n",
       "      <td>US Small Value</td>\n",
       "      <td>NaN</td>\n",
       "      <td>0.0134</td>\n",
       "      <td>NaN</td>\n",
       "      <td>0.000128</td>\n",
       "      <td>-0.000989</td>\n",
       "      <td>0.023036</td>\n",
       "      <td>0.021465</td>\n",
       "      <td>0.042744</td>\n",
       "      <td>0.032056</td>\n",
       "      <td>0.019881</td>\n",
       "      <td>0.032235</td>\n",
       "    </tr>\n",
       "    <tr>\n",
       "      <th>10</th>\n",
       "      <td>NaN</td>\n",
       "      <td>7.0</td>\n",
       "      <td>Int'l Dev. Equity</td>\n",
       "      <td>NaN</td>\n",
       "      <td>0.2418</td>\n",
       "      <td>NaN</td>\n",
       "      <td>-0.000445</td>\n",
       "      <td>0.001442</td>\n",
       "      <td>0.032967</td>\n",
       "      <td>0.020697</td>\n",
       "      <td>0.039943</td>\n",
       "      <td>0.019881</td>\n",
       "      <td>0.028355</td>\n",
       "      <td>0.035064</td>\n",
       "    </tr>\n",
       "    <tr>\n",
       "      <th>11</th>\n",
       "      <td>NaN</td>\n",
       "      <td>8.0</td>\n",
       "      <td>Int'l Emerg. Equity</td>\n",
       "      <td>NaN</td>\n",
       "      <td>0.0349</td>\n",
       "      <td>NaN</td>\n",
       "      <td>-0.000437</td>\n",
       "      <td>-0.001535</td>\n",
       "      <td>0.048039</td>\n",
       "      <td>0.029854</td>\n",
       "      <td>0.065994</td>\n",
       "      <td>0.032235</td>\n",
       "      <td>0.035064</td>\n",
       "      <td>0.079958</td>\n",
       "    </tr>\n",
       "  </tbody>\n",
       "</table>\n",
       "</div>"
      ],
      "text/plain": [
       "    Unnamed: 0  Unnamed: 1           Unnamed: 2  Unnamed: 3 Unnamed: 4  \\\n",
       "0          NaN         NaN                  NaN         NaN        NaN   \n",
       "1          NaN         NaN                  NaN         NaN        NaN   \n",
       "2          NaN         NaN                  NaN         NaN        NaN   \n",
       "3          NaN         NaN                  NaN         NaN  w = 8 x 1   \n",
       "4          NaN         1.0             US Bonds         NaN     0.1934   \n",
       "5          NaN         2.0          Int'l Bonds         NaN     0.2613   \n",
       "6          NaN         3.0      US Large Growth         NaN     0.1209   \n",
       "7          NaN         4.0       US Large Value         NaN     0.1209   \n",
       "8          NaN         5.0      US Small Growth         NaN     0.0134   \n",
       "9          NaN         6.0       US Small Value         NaN     0.0134   \n",
       "10         NaN         7.0    Int'l Dev. Equity         NaN     0.2418   \n",
       "11         NaN         8.0  Int'l Emerg. Equity         NaN     0.0349   \n",
       "\n",
       "    Unnamed: 5     Unnamed: 6 Unnamed: 7 Unnamed: 8 Unnamed: 9 Unnamed: 10  \\\n",
       "0          NaN              1          2          3          4           5   \n",
       "1          NaN        US Bond  Intl Bond      Lg Gr     Lg Val       Sm Gr   \n",
       "2          NaN            NaN        NaN        NaN        NaN         NaN   \n",
       "3          NaN  Sigma = 8 x 8        NaN        NaN        NaN         NaN   \n",
       "4          NaN       0.001005   0.001328  -0.000579  -0.000675    0.000121   \n",
       "5          NaN       0.001328   0.007277  -0.001307   -0.00061   -0.002237   \n",
       "6          NaN      -0.000579  -0.001307   0.059852   0.027588    0.063497   \n",
       "7          NaN      -0.000675   -0.00061   0.027588   0.029609    0.026572   \n",
       "8          NaN       0.000121  -0.002237   0.063497   0.026572    0.102488   \n",
       "9          NaN       0.000128  -0.000989   0.023036   0.021465    0.042744   \n",
       "10         NaN      -0.000445   0.001442   0.032967   0.020697    0.039943   \n",
       "11         NaN      -0.000437  -0.001535   0.048039   0.029854    0.065994   \n",
       "\n",
       "   Unnamed: 11 Unnamed: 12 Unnamed: 13  \n",
       "0            6           7           8  \n",
       "1       Sm Val         Dev       Emerg  \n",
       "2          NaN         NaN         NaN  \n",
       "3          NaN         NaN         NaN  \n",
       "4     0.000128   -0.000445   -0.000437  \n",
       "5    -0.000989    0.001442   -0.001535  \n",
       "6     0.023036    0.032967    0.048039  \n",
       "7     0.021465    0.020697    0.029854  \n",
       "8     0.042744    0.039943    0.065994  \n",
       "9     0.032056    0.019881    0.032235  \n",
       "10    0.019881    0.028355    0.035064  \n",
       "11    0.032235    0.035064    0.079958  "
      ]
     },
     "execution_count": 34,
     "metadata": {},
     "output_type": "execute_result"
    }
   ],
   "source": [
    "df = pd.read_excel('Data_2B_2023.xlsx')\n",
    "df"
   ]
  },
  {
   "cell_type": "code",
   "execution_count": 57,
   "metadata": {},
   "outputs": [],
   "source": [
    "tickers = df['Unnamed: 2'].iloc[4:12].to_list()\n",
    "weights = df['Unnamed: 4'].loc[4:12]\n",
    "cov = df[df.columns[6:14]].iloc[4:12]\n",
    "cov = cov.apply(pd.to_numeric)"
   ]
  },
  {
   "cell_type": "code",
   "execution_count": null,
   "metadata": {},
   "outputs": [],
   "source": [
    "pd.read_csv(,ind)"
   ]
  },
  {
   "cell_type": "code",
   "execution_count": 60,
   "metadata": {},
   "outputs": [],
   "source": [
    "implied_return = np.dot(np.linalg.inv(cov), weights)\n",
    "risk_premium = 0.03\n",
    "tau = 0.0250\n",
    "views_matrix = "
   ]
  },
  {
   "cell_type": "code",
   "execution_count": 61,
   "metadata": {},
   "outputs": [
    {
     "data": {
      "text/html": [
       "<div>\n",
       "<style scoped>\n",
       "    .dataframe tbody tr th:only-of-type {\n",
       "        vertical-align: middle;\n",
       "    }\n",
       "\n",
       "    .dataframe tbody tr th {\n",
       "        vertical-align: top;\n",
       "    }\n",
       "\n",
       "    .dataframe thead th {\n",
       "        text-align: right;\n",
       "    }\n",
       "</style>\n",
       "<table border=\"1\" class=\"dataframe\">\n",
       "  <thead>\n",
       "    <tr style=\"text-align: right;\">\n",
       "      <th></th>\n",
       "      <th>Unnamed: 6</th>\n",
       "      <th>Unnamed: 7</th>\n",
       "      <th>Unnamed: 8</th>\n",
       "      <th>Unnamed: 9</th>\n",
       "      <th>Unnamed: 10</th>\n",
       "      <th>Unnamed: 11</th>\n",
       "      <th>Unnamed: 12</th>\n",
       "      <th>Unnamed: 13</th>\n",
       "    </tr>\n",
       "  </thead>\n",
       "  <tbody>\n",
       "    <tr>\n",
       "      <th>4</th>\n",
       "      <td>0.001005</td>\n",
       "      <td>0.001328</td>\n",
       "      <td>-0.000579</td>\n",
       "      <td>-0.000675</td>\n",
       "      <td>0.000121</td>\n",
       "      <td>0.000128</td>\n",
       "      <td>-0.000445</td>\n",
       "      <td>-0.000437</td>\n",
       "    </tr>\n",
       "    <tr>\n",
       "      <th>5</th>\n",
       "      <td>0.001328</td>\n",
       "      <td>0.007277</td>\n",
       "      <td>-0.001307</td>\n",
       "      <td>-0.000610</td>\n",
       "      <td>-0.002237</td>\n",
       "      <td>-0.000989</td>\n",
       "      <td>0.001442</td>\n",
       "      <td>-0.001535</td>\n",
       "    </tr>\n",
       "    <tr>\n",
       "      <th>6</th>\n",
       "      <td>-0.000579</td>\n",
       "      <td>-0.001307</td>\n",
       "      <td>0.059852</td>\n",
       "      <td>0.027588</td>\n",
       "      <td>0.063497</td>\n",
       "      <td>0.023036</td>\n",
       "      <td>0.032967</td>\n",
       "      <td>0.048039</td>\n",
       "    </tr>\n",
       "    <tr>\n",
       "      <th>7</th>\n",
       "      <td>-0.000675</td>\n",
       "      <td>-0.000610</td>\n",
       "      <td>0.027588</td>\n",
       "      <td>0.029609</td>\n",
       "      <td>0.026572</td>\n",
       "      <td>0.021465</td>\n",
       "      <td>0.020697</td>\n",
       "      <td>0.029854</td>\n",
       "    </tr>\n",
       "    <tr>\n",
       "      <th>8</th>\n",
       "      <td>0.000121</td>\n",
       "      <td>-0.002237</td>\n",
       "      <td>0.063497</td>\n",
       "      <td>0.026572</td>\n",
       "      <td>0.102488</td>\n",
       "      <td>0.042744</td>\n",
       "      <td>0.039943</td>\n",
       "      <td>0.065994</td>\n",
       "    </tr>\n",
       "    <tr>\n",
       "      <th>9</th>\n",
       "      <td>0.000128</td>\n",
       "      <td>-0.000989</td>\n",
       "      <td>0.023036</td>\n",
       "      <td>0.021465</td>\n",
       "      <td>0.042744</td>\n",
       "      <td>0.032056</td>\n",
       "      <td>0.019881</td>\n",
       "      <td>0.032235</td>\n",
       "    </tr>\n",
       "    <tr>\n",
       "      <th>10</th>\n",
       "      <td>-0.000445</td>\n",
       "      <td>0.001442</td>\n",
       "      <td>0.032967</td>\n",
       "      <td>0.020697</td>\n",
       "      <td>0.039943</td>\n",
       "      <td>0.019881</td>\n",
       "      <td>0.028355</td>\n",
       "      <td>0.035064</td>\n",
       "    </tr>\n",
       "    <tr>\n",
       "      <th>11</th>\n",
       "      <td>-0.000437</td>\n",
       "      <td>-0.001535</td>\n",
       "      <td>0.048039</td>\n",
       "      <td>0.029854</td>\n",
       "      <td>0.065994</td>\n",
       "      <td>0.032235</td>\n",
       "      <td>0.035064</td>\n",
       "      <td>0.079958</td>\n",
       "    </tr>\n",
       "  </tbody>\n",
       "</table>\n",
       "</div>"
      ],
      "text/plain": [
       "    Unnamed: 6  Unnamed: 7  Unnamed: 8  Unnamed: 9  Unnamed: 10  Unnamed: 11  \\\n",
       "4     0.001005    0.001328   -0.000579   -0.000675     0.000121     0.000128   \n",
       "5     0.001328    0.007277   -0.001307   -0.000610    -0.002237    -0.000989   \n",
       "6    -0.000579   -0.001307    0.059852    0.027588     0.063497     0.023036   \n",
       "7    -0.000675   -0.000610    0.027588    0.029609     0.026572     0.021465   \n",
       "8     0.000121   -0.002237    0.063497    0.026572     0.102488     0.042744   \n",
       "9     0.000128   -0.000989    0.023036    0.021465     0.042744     0.032056   \n",
       "10   -0.000445    0.001442    0.032967    0.020697     0.039943     0.019881   \n",
       "11   -0.000437   -0.001535    0.048039    0.029854     0.065994     0.032235   \n",
       "\n",
       "    Unnamed: 12  Unnamed: 13  \n",
       "4     -0.000445    -0.000437  \n",
       "5      0.001442    -0.001535  \n",
       "6      0.032967     0.048039  \n",
       "7      0.020697     0.029854  \n",
       "8      0.039943     0.065994  \n",
       "9      0.019881     0.032235  \n",
       "10     0.028355     0.035064  \n",
       "11     0.035064     0.079958  "
      ]
     },
     "execution_count": 61,
     "metadata": {},
     "output_type": "execute_result"
    }
   ],
   "source": [
    "cov"
   ]
  },
  {
   "cell_type": "code",
   "execution_count": null,
   "metadata": {},
   "outputs": [
    {
     "data": {
      "text/plain": [
       "array([235.36703926861247, -18.439963564558905, -8.271514521456275,\n",
       "       11.198629977994447, -1.6271249348385868, -17.30270650609895,\n",
       "       35.11269364674931, -4.922294505037679], dtype=object)"
      ]
     },
     "execution_count": 31,
     "metadata": {},
     "output_type": "execute_result"
    }
   ],
   "source": [
    "implied_return"
   ]
  }
 ],
 "metadata": {
  "kernelspec": {
   "display_name": "Python 3",
   "language": "python",
   "name": "python3"
  },
  "language_info": {
   "codemirror_mode": {
    "name": "ipython",
    "version": 3
   },
   "file_extension": ".py",
   "mimetype": "text/x-python",
   "name": "python",
   "nbconvert_exporter": "python",
   "pygments_lexer": "ipython3",
   "version": "3.9.6"
  }
 },
 "nbformat": 4,
 "nbformat_minor": 2
}
